7822
3406
4346
7765
564
9418
2219
3462
4429
1587
7758
2041
9230
7198
2893
1041
2552
4383
8404
6157
9796
436
2403
483
1054
1663
2672
917
4086
5052
7077
312
8910
8737
7667
5382
8523
6761
9574
5683
7357
9085
3526
3802
9048
7652
7697
1650
8578
5544
9514
8579
9372
4625
1991
2982
9351
6428
5464
3832
9865
7721
1508
9399
3009
8296
7633
4145
7039
6222
4569
6195
7358
8166
6798
8338
6058
6689
9253
9550
1657
7376
1869
3434
3969
7780
2526
8402
8791
1245
8299
2055
7420
2725
3954
9646
1831
6753
330
2023
1116
1620
8819
5739
1017
4368
5537
3572
6376
3518
6024
3185
2113
637
5586
7809
9538
1828
3256
9900
1255
6634
3938
3440
7440
7002
9089
8637
6110
1273
2396
2296
4979
634
7568
9508
6165
8800
763
9773
8141
4350
6685
9786
2286
5262
8775
8377
9238
4805
6331
3128
8965
5955
1773
839
6973
7466
875
6412
2965
8802
9717
6637
428
7040
8761
725
3182
8304
3895
5760
6276
5361
5260
1347
6289
2416
2538
6788
8849
2514
6662
9242
4010
6600
9816
9057
8067
6879
7057
4825
2620
503
3298
1493
6264
3005
3589
9880
5579
2413
9792
322
9223
2132
1747
8401
8214
7705
6680
8419
5142
10
6283
7446
4620
5925
2497
6607
5096
4542
5753
9451
8063
3216
9310
3635
9419
1978
3443
7077
8709
4477
5368
5729
1032
5745
6712
671
8881
6496
6870
3560
9428
2966
3925
3971
7386
6801
161
98
2687
8585
279
4526
2254
7779
358
8587
4918
8246
3796
328
3373
4772
2470
4862
5164
465
2333
3979
5268
3821
4697
2174
5973
4529
8232
3814
5812
3518
4014
5243
3591
2064
3610
6538
5177
371
334
6122
7660
1464
7913
9137
1525
1684
7490
7172
1538
7727
6560
6714
9492
3870
4372
3365
9338
6224
4399
5182
9424
1012
5313
2836
2184
5530
7392
9581
8810
2193
2864
9833
4786
8265
8529
5238
4753
8114
284
8382
6106
8853
6109
2709
531
4433
6892
35
2473
263
5155
9004
9886
4619
8170
3872
338
7614
5113
7260
5850
4464
9154
5232
3512
3326
8246
6630
3766
2481
4595
722
471
583
3684
3230
430
8898
9427
2368
1460
2733
4422
2515
4164
5855
1752
3199
4565
8415
9498
7043
1107
9536
2301
7248
5820
4584
5144
8771
7917
9956
9803
3253
5264
8604
6974
4984
9558
6468
8154
2727
8744
7613
8661
5265
6641
5168
6822
8876
8989
772
1868
672
9860
7878
5398
4052
366
2305
6764
7256
8791
7747
4998
1461
9806
5390
4860
5731
5046
769
2805
4744
4800
2843
8030
6476
8883
1557
8018
2069
2833
5572
1205
8657
8192
3309
892
611
6321
3717
9722
4564
4210
7669
6030
8385
6268
9156
2530
8610
318
9570
2339
1700
7273
1412
6220
8634
9390
3652
1723
9410
164
598
1629
9593
1987
210
3445
5982
4414
3907
8810
8338
8936
3485
2194
6170
1280
3595
1256
9514
7952
5985
3453
3133
6005
4897
9380
4276
4607
5050
2707
1156
1606
8804
19
9910
8635
6880
6695
201
7055
8642
6978
4049
3483
7070
2592
3648
7950
1456
9378
7230
8119
7377
4981
3678
5121
5672
6260
1138
2330
7759
7792
5451
6818
4255
5547
3843
8017
8866
343
6785
2813
1113
2021
1837
3638
8174
546
6655
1288
4185
6275
4035
2632
8762
3698
5830
9464
6325
6883
3406
1010
6226
7912
3025
2062
4527
9640
2661
174
7213
8835
5320
7201
3880
8460
8471
6352
308
9291
2809
4543
593
5076
8152
1544
2282
4251
4422
787
4472
7147
5032
6683
1508
6404
612
1061
8301
2668
34
2231
2785
1138
5463
9419
625
3172
4883
6442
5712
9696
9060
487
2831
9561
2832
2487
2092
1106
8323
1597
9861
1698
3968
8708
8721
214
560
938
8099
1786
4846
1335
4729
5449
734
6306
8650
7012
5876
2543
6363
5244
8186
2683
6968
8327
5258
6943
4857
8446
709
7815
8202
3914
8024
528
4137
1471
1704
8050
6628
770
1982
7253
6834
8895
6423
7175
7710
2186
125
7308
7725
1889
1320
1204
2966
6770
970
7861
6738
5048
9337
678
159
2290
8888
5216
2782
3630
1591
5518
4649
9137
8017
517
1004
1623
3113
5371
3286
9025
284
2452
8068
8212
3179
3277
1815
4724
9168
7752
70
3812
1108
4644
7481
3483
1766
1522
9478
3194
4023
7551
352
5904
3285
876
5989
5929
313
591
42
982
2176
3450
4027
1437
3280
3811
117
5922
504
5655
5446
7330
7578
3089
33
8225
4836
1872
9948
2583
2895
449
7745
1317
6086
468
2961
4252
7262
8862
9895
4700
8551
725
2095
8542
759
7278
9591
1194
3075
3690
3501
7215
2263
561
3529
3343
3541
1481
3766
5813
5020
5024
7333
9053
672
8750
7264
8399
916
4375
8328
2347
6618
8208
6533
8334
4833
1039
7631
4097
1540
6043
2883
4964
9505
7067
6920
561
2792
899
5478
7461
7136
2814
9703
7344
7250
3345
3251
8219
9343
5565
799
560
7640
9343
4676
6760
8060
2421
4278
525
7646
2430
8657
7174
1975
354
8284
2413
317
9309
5416
4211
5043
7654
3490
197
1067
6143
9203
4343
3515
213
4730
4307
2531
9682
1620
944
3175
9985
5758
3190
4078
243
1888
6159
5656
8935
9114
7084
319
6876
6159
7475
8148
2695
5002
1915
2265
4365
5723
7805
3675
9672
510
9152
8683
8328
7448
6938
474
662
3545
5556
365
7617
2611
1732
2953
8496
3531
9333
7561
8737
5443
1202
2539
9245
4275
6089
8705
5023
6204
7658
3395
2550
7912
4498
2489
3194
3947
1722
9859
2385
9600
6861
835
2514
7663
3241
2824
7658
2105
1387
3147
5660
750
6489
4372
1705
2349
329
5278
1883
6887
2072
3839
7457
9896
4392
8464
5598
1672
8505
4165
5191
2875
2391
1944
5138
3753
6399
5182
595
3902
5296
156
6896
4809
2652
602
5356
3808
6667
5455
6806
3667
1246
3328
4431
8235
2004
8163
4133
5785
2270
4902
8489
4778
6440
9923
3330
5809
8799
5099
6748
4318
2515
8195
4544
5488
6646
7219
4518
4284
1289
2018
44
8603
5049
8365
7443
4834
8397
8392
7779
7751
1903
1405
1912
3686
3692
5484
6639
6066
3349
7629
19
9804
749
7645
8969
4092
1721
4890
1552
3046
3739
4438
5651
9050
3490
1755
6177
4163
5246
6410
6589
5790
7231
9048
5839
5546
129
6637
6240
4997
830
7948
8532
1775
9213
87
4383
1931
6281
8657
5799
9826
1179
7142
816
8377
2582
4018
7207
6177
8465
5178
2561
4280
7597
8894
9753
417
8278
8237
2097
685
107
8039
8261
6772
4866
7290
1615
2731
1366
6478
9180
3931
7985
8554
1125
2256
131
9049
6425
551
1874
5524
7394
4653
3261
6809
6627
5951
6538
952
5993
6849
9944
9178
6765
3203
7559
4602
6596
5153
4823
7690
2682
5206
4205
5034
8704
3073
3767
688
609
9412
2112
9359
3256
3860
6831
4787
3072
7707
317
7451
7551
6616
6973
4918
524
3009
699
5731
8997
3518
7665
1475
3130
5558
7131
8406
6607
3112
1730
1888
6912
5147
2820
3751
1565
1710
1290
183
3871
5317
3380
3657
9069
5093
2885
567
79
9252
6090
1464
5765
7640
2975
8298
6727
5409
2373
884
8943
1821
8865
157
2247
9748
9674
4163
7747
2116
9094
8243
7039
1259
8451
3148
6928
3858
2532
321
2610
9530
8702
5675
1874
3844
8870
3849
4875
8195
8094
6973
7403
7683
9391
7767
1277
8867
5823
9379
8669
8858
7749
6700
1317
8441
1554
6299
5816
4681
1982
6758
9424
9964
4352
5858
7457
3132
1319
9595
6993
6573
4264
4738
6124
9927
9396
461
4780
3022
5139
6244
3439
2118
6941
2196
5162
7456
8782
6215
991
1136
4054
2045
7204
2669
734
2636
1719
6678
1939
8974
9513
6522
6459
5613
8262
7752
7080
7727
9606
4610
123
2718
6799
8198
8505
7384
9106
5803
6334
320
6664
9278
4818
6424
1602
6385
9189
1483
1174
3218
695
7623
7387
3401
2398
5814
2566
6074
5545
661
8447
3030
8693
416
5844
174
4557
506
5489
9612
7846
9703
4935
8116
1068
9704
4411
3914
6987
2025
7323
4508
4292
2172
72
623
3423
6974
587
7077
6780
7150
8213
5733
3037
5495
2097
513
9290
9300
5455
6698
4824
8850
6862
159
7988
7733
1177
6878
8971
9079
1904
5548
166
1043
5248
7594
1947
6739
2564
1040
1052
4009
3618
6670
2316
2334
7334
4754
3091
8710
2506
3959
5352
2196
7625
1178
3734
238
5155
6109
1746
9758
8345
1240
5797
7578
2861
5723
2272
7689
1557
3292
2852
7668
6902
893
4821
3205
9754
4250
3460
7011
4867
5782
4872
6654
1641
3610
5829
9787
2309
4357
1938
2423
7179
5029
9856
8435
4490
1636
1485
524
9793
6403
1519
5696
1291
3859
5368
2478
4992
2139
3208
815
5982
2024
6241
5431
8932
7869
2388
9018
4344
559
4575
3294
1337
7091
5813
5101
1333
5787
6066
2244
8132
2926
3340
691
2399
7476
8723
7697
4001
8331
9570
7638
1781
3004
6197
1430
5336
7991
8126
3333
1449
2075
9196
2284
2343
9050
313
285
9259
4904
3845
8692
762
8207
8473
3382
3649
3566
8396
3325
1056
8731
5755
6120
1487
1017
9608
9868
1594
9084
4843
7857
178
5894
3193
328
5046
1533
6592
1245
2619
8673
6126
2658
7467
4971
7429
7448
8073
1735
1231
8653
167
5583
8746
540
2980
759
6709
1846
7743
3825
6383
5798
8698
4357
1157
2199
96
3580
4811
7424
1319
4617
378
857
8851
9219
6201
6033
7358
2259
8688
5920
6504
4938
9640
8715
1173
2240
9118
6687
1567
7092
7983
5860
528
8120
6243
491
2623
9625
6793
7369
1563
764
3750
2206
8318
5171
3013
7576
6360
3456
6486
9994
2371
305
6642
3562
778
6047
9989
4809
18
1117
4366
2095
6984
1344
702
9979
572
1742
5350
4078
3913
7832
3089
6445
1516
1604
2843
3651
1650
3235
7226
6931
2304
8075
141
3984
9416
3745
8255
332
4762
6816
3677
8658
8219
1924
227
9957
5339
969
2305
4659
9411
5182
6259
6090
2774
7506
606
2460
4041
5948
7053
6584
2655
5003
5632
7971
8074
2882
9460
9284
4614
7989
8495
6153
6107
7789
2124
2964
9343
4536
2321
9989
4521
9730
5440
4946
6447
6760
1118
9770
404
1122
9287
7652
2152
8251
6714
3541
9345
4500
9513
5394
502
4533
5487
1475
456
9889
9306
7898
4620
8307
1904
7565
9511
2216
7281
231
3317
1293
8885
9341
8015
5168
9342
7919
9751
6285
5070
3134
1521
6465
6412
1356
9622
9025
6672
7957
4414
2425
8614
5955
8138
9364
8246
3028
8856
5136
5911
8653
455
4247
1947
6920
9458
3317
9476
8887
2124
3981
1897
6333
5249
3866
9945
11
3029
2682
3912
4105
8375
127
345
4415
2675
4113
6863
3749
6612
985
4255
4823
7606
7361
118
353
7274
7908
9274
7008
8189
1008
119
8712
595
9942
8841
8652
228
5928
9760
7615
8504
2697
9519
7845
6177
7122
4179
3858
8578
8251
7417
3710
3492
5420
6723
8251
417
3326
2299
4610
5434
9735
322
239
2184
8514
2390
2183
2297
4855
6636
6988
2210
5657
8354
4997
9688
7360
3488
3218
6698
30
7386
4458
4302
1667
1963
9874
2489
2419
7813
5638
6528
4345
7640
5858
6560
5022
4635
8794
2882
3272
3450
436
727
9916
4439
4861
9440
4267
8333
3399
818
4268
7802
1703
4609
8796
7717
879
9956
5267
8753
75
7155
8370
7090
2970
2438
1617
2535
9802
4583
2728
3423
6328
773
7856
9283
9739
9092
6945
2341
4040
5686
8954
2264
9162
8051
472
6092
779
8769
1437
2788
9101
3212
3230
153
1271
7827
6584
9818
6699
2985
8806
9892
2200
1901
1185
9675
6638
1351
576
1291
6342
6067
7231
2018
9544
6389
856
8678
4170
9329
7455
1030
2333
4509
7159
1214
5819
5656
5000
6528
3024
3859
7720
7811
7109
5976
2562
1117
8694
5142
5574
465
7645
5328
155
6965
5897
827
2814
3794
9766
3306
1386
1342
8724
1406
3074
7372
1617
5552
4195
4246
1512
337
4580
1400
2579
2957
133
8672
156
6457
9275
6284
2220
9355
9927
4771
6685
3399
62
7782
8876
7471
9904
9098
2486
2588
2641
5258
1599
9261
8909
17
2257
6903
317
2724
6621
5260
2814
2865
9354
9946
7235
1528
9369
4496
9412
8716
7424
1809
5901
4475
854
1613
9072
9164
8787
8010
3776
6392
3210
2570
7165
2723
5133
9703
9176
2599
6819
269
4685
1907
7120
8334
1086
8229
7054
1311
6778
8875
796
9450
5550
7577
4583
7934
2802
601
4903
6873
801
1094
7095
1520
5978
2893
2802
2714
3969
2356
1650
4380
2740
4844
5884
2262
8510
7926
2628
8402
5460
1865
7226
5139
469
1969
8814
7478
5019
7209
6761
7081
8995
2560
6139
4452
4373
9141
1196
5962
1381
2331
4923
2870
9460
3947
9185
5647
9831
1441
1978
4625
6613
8720
4745
746
4833
1055
7205
7589
2762
1337
3887
703
4211
1774
774
4976
8903
3739
933
6401
1552
6271
2639
4730
4609
477
6740
6358
4709
9246
5421
9254
3865
8372
5695
8361
919
5177
563
4001
2225
4096
2319
5598
9912
9596
830
720
1605
6580
5307
3852
8498
5974
3733
1938
6342
7421
360
5599
3507
1696
4400
4849
9314
5031
3064
9387
9224
5824
9820
470
970
8268
6675
1839
421
5539
5924
5323
1498
4301
2958
7857
7616
3040
7424
1062
8100
2855
3414
5676
3117
4534
2647
3942
3416
6407
938
857
589
7698
9330
6781
6301
7176
2167
7235
5142
3666
1813
2950
5268
5426
125
5150
7784
9293
2744
3210
4523
3417
4611
9647
2693
6132
4035
8750
7165
3956
1069
5851
1085
2410
9936
7561
9850
763
1987
1821
8294
5037
2268
5639
6042
3246
9079
532
4760
4303
344
2408
9813
1537
1556
1402
2811
5739
6494
3567
1114
9347
1052
691
1627
3667
8288
8603
2371
8685
6661
4433
9131
1867
5713
3058
1489
9746
8095
4335
9741
553
811
3887
3415
5942
1922
1290
6073
6194
1526
1291
7838
5562
5494
7651
3762
6645
8987
9464
3770
7618
1983
1100
7733
3497
3079
5334
107
5589
2345
6338
1746
5094
9273
6661
6668
7041
5985
9708
7590
308
1264
8924
3940
4148
743
3961
3909
7953
6602
7272
7240
6333
3521
8612
7392
8190
3597
5992
6214
6770
9776
5845
7172
2545
6127
9332
2720
6213
64
3579
6160
9766
4609
9283
8127
915
4329
3539
5241
1649
4425
8820
1964
8630
5309
7208
9139
8043
9699
4520
7886
6570
6194
1214
5866
143
229
9567
5529
8632
5667
4222
9860
8534
1377
1596
4728
8959
6086
6915
4262
3582
4381
9313
2213
7920
2253
1903
3813
2524
3647
243
7569
1182
1098
1301
3957
2162
2916
3816
7627
7246
8419
4844
9234
9162
3854
365
5536
7510
7114
4046
9912
3533
12
3105
9013
2907
7679
6180
1096
7440
3397
3337
42
605
5829
6741
7485
4875
5523
8756
4836
4459
2916
2928
2621
9039
8956
8551
3202
3088
4820
2427
9411
7112
4144
9861
2906
2742
2685
2658
6681
1028
6374
6411
6402
5671
7752
6715
7152
2705
3454
4847
2833
6314
1702
6221
5359
8361
8355
1191
1895
152
2330
4303
9819
5718
1238
7747
3656
415
8165
4978
6068
1920
9222
5325
6837
6189
9782
5469
1270
3012
4699
3034
1675
1020
3472
7746
8757
8203
2178
6591
3977
6122
5872
5342
3648
4606
2505
2753
2537
920
8043
2355
2799
9311
1798
4349
3554
6753
2947
3274
3455
3569
9430
6258
9456
1929
1088
5500
8677
2621
4986
3313
63
2017
9961
4262
5881
3316
6048
8510
9958
8816
7169
6536
9176
9025
2008
8048
560
324
5138
856
3502
4469
295
102
774
79
5002
5803
4799
8289
9287
4442
2838
5142
168
2094
1021
5881
4075
4624
9431
518
4317
4656
655
2341
2800
4465
6426
7183
9427
7332
1201
3224
3069
5638
9436
9842
7634
1102
8595
9681
9137
251
4252
8787
3464
3438
7578
3213
7845
1097
6601
8276
8095
2129
7057
1464
9417
1810
4011
5902
2882
6424
4579
3793
1531
4883
4885
5814
9113
288
4579
9113
8174
5033
1929
4034
7343
9548
8776
186
4114
87
4744
5025
4362
9183
8823
4524
4048
9048
8684
8256
3528
7201
9258
3485
2665
6734
5291
722
838
214
5119
9062
5070
6971
5062
995
400
9991
4671
1525
2474
3981
6084
3644
5477
2285
596
5311
5527
3307
602
7054
6141
5557
1054
6649
5536
2490
3879
4985
9702
193
8434
5001
2216
2135
6186
7923
8291
8067
1319
7161
2268
4503
5637
6261
8766
8393
1490
5761
4345
5202
1130
1675
9680
1355
8279
2129
1832
2043
9980
4764
5377
2105
4579
9434
2558
4884
365
285
5684
9158
2679
4801
8188
9395
7199
9574
6677
8125
2551
512
2272
4187
3681
5619
2959
9321
9898
3611
840
6977
4295
2415
7234
9399
8059
3325
3559
2827
9884
5145
3961
9056
8924
2829
6232
6612
8712
6870
266
3063
940
3698
6453
9630
4816
5037
8235
8248
7586
9304
8029
8268
8271
7661
2433
7035
6175
2019
2228
4043
5661
5422
9945
2049
4053
5465
5253
958
286
6565
3346
9365
8990
7056
7475
3794
1359
9504
1178
2982
995
9084
7901
6347
7244
7954
3727
1206
3594
5242
3210
2325
2616
1231
7095
4826
9020
6792
7019
9151
9648
3208
8935
9284
9194
5181
3456
959
6586
2188
4565
8563
722
7607
9835
2253
7530
2819
1346
6837
5258
4691
2690
3182
5415
5835
9283
111
3427
9600
620
2230
27
4442
9660
7675
8966
3442
741
7013
1276
7916
7511
9102
8107
7977
3826
9083
3743
2987
2817
8607
2330
5383
410
8225
950
6423
3834
3822
9064
6268
8600
7831
3723
3559
8065
3956
84
7745
6271
7323
7784
4233
4694
3412
8402
8320
4417
20
94
895
5216
2997
4220
797
408
6971
4599
3151
8759
771
8971
6398
5385
2304
7981
3693
3180
6571
3703
1387
4881
1719
1465
1844
1677
5450
3596
5425
8301
9005
1374
2231
8211
289
3462
9442
753
23
96
1807
3381
3852
7384
3555
7847
8280
6318
8733
688
6540
379
3020
6708
2645
193
8953
7676
4588
7396
9623
1828
6325
6155
4906
4195
8929
4080
9923
2203
2981
3985
1906
9428
6681
148
1234
6040
4920
4550
408
1312
9404
600
378
3951
9432
5110
9588
7005
9906
1376
7501
1515
2118
7312
7916
148
2684
5071
479
2848
4735
5935
2965
7217
9023
9599
8013
1542
4542
6301
3087
2360
16
181
3698
3252
6742
4579
9368
4179
464
3927
2467
7591
7958
540
5651
7167
426
1410
8945
9640
3533
5913
3071
6807
7523
3852
6549
3421
3390
5009
8277
514
2923
6279
4413
8401
4138
6055
1393
1412
7370
1542
1730
3194
4347
3391
5563
4058
5251
7948
2958
3788
2879
9556
6786
6988
6977
5253
3574
288
6702
2185
2190
2070
5734
5912
1057
8935
5609
6074
6512
5687
4988
2451
7658
9819
7483
3276
2498
6143
564
765
6912
1220
5287
7614
4038
6211
7741
925
8440
7710
9058
1280
3132
8786
6515
3522
5667
3522
2329
3399
2693
9527
1097
124
1279
8892
6720
9712
5174
56
2223
655
3763
9838
3903
7803
4578
4983
3165
3397
6520
8076
3791
5634
2256
6377
7379
3782
2386
6692
8769
3070
8270
6955
1566
1067
6414
6055
9191
8718
9774
2787
6420
5895
6413
1198
8810
9973
3958
2739
1825
9066
9024
3498
7922
3651
5286
9887
7668
3436
2107
6196
5288
5335
4974
5260
2045
8132
4340
8099
6633
9399
9470
1691
4891
444
2493
9171
8298
6124
4829
1604
3590
4833
7704
5196
5585
3554
7327
1205
6978
6781
5071
7664
2516
9553
2597
1743
3830
3325
9605
9012
2333
8898
9111
1183
7887
2165
6555
7919
5841
4249
8887
9910
8865
386
874
6279
3673
4429
9902
4372
4277
2468
6604
6519
5720
883
848
9154
684
8204
7576
4093
6969
3514
8016
4697
1920
2199
9620
5501
4615
7843
7938
8009
4779
7971
4600
9313
3252
6037
3890
4634
902
4032
4065
877
3891
5956
8729
3403
4739
4527
5543
5501
7759
9929
5619
3602
6417
2566
2499
5441
56
603
8417
2425
157
3716
2230
3649
630
7597
2522
2792
6827
6962
4169
3549
4000
2227
4004
2558
5999
1251
963
9102
1755
1439
1113
6064
5987
4872
4130
9107
5079
4478
2198
8136
6353
5337
3088
2680
4231
1574
932
9192
9885
6934
7738
3620
6232
1555
3928
8360
4602
5987
2699
7588
4449
5134
2530
8792
203
99
2728
9926
3738
1202
4165
9657
6364
3600
6943
4021
9716
3399
4414
9475
9710
5735
7739
2896
8318
6607
9614
8998
4084
6769
2986
1608
6438
8190
8075
7016
4087
7418
11
9472
3831
4448
3968
9851
5098
435
8545
6647
9144
4246
3370
9924
7624
624
1912
6970
9021
2620
1650
2813
530
2302
6991
3464
4036
8714
1952
7326
8146
3766
2263
3909
6530
9700
860
6521
2284
6028
495
4634
2553
6515
1106
3748
540
1925
817
4422
8030
7156
4887
675
1475
5984
8633
2901
3179
8052
2618
3358
3185
5830
2988
2534
9738
4375
8418
3120
8788
9304
6842
4158
9914
9322
2485
3801
1325
5284
7108
444
5369
7483
5997
6281
2791
254
5645
3053
3078
6285
3213
9003
3931
1556
8813
763
6469
1253
2103
2396
1641
6828
2896
6865
4074
4883
7943
2022
39
5989
433
7880
9448
9691
6033
7206
2881
7644
8394
2972
5157
1348
8015
8731
467
8168
7682
7206
6504
2949
319
9157
8127
386
6621
2394
6307
4160
3179
8802
5344
3817
4877
1161
270
8046
9093
9883
9210
713
4693
3140
8296
313
2970
6966
4539
6641
7215
5921
4865
6464
8436
3374
2809
1595
820
7424
4019
3242
8654
5088
5922
2039
9831
1921
324
5139
1143
1438
3450
2006
7987
3809
1327
1371
7792
3755
9735
1431
6095
4714
2383
9662
5346
8277
7659
2558
6712
3211
4289
2199
3183
2197
9186
4141
5137
1408
5046
5072
4470
1730
9083
4028
4492
6960
2499
8927
2225
2965
9782
5651
552
9178
4538
8721
3834
7203
4749
48
9482
7615
3346
1697
8335
718
519
380
9947
1890
5989
8975
31
9377
4461
9023
4507
1283
5714
2649
2320
5429
1687
3364
1965
4382
6050
576
6619
8909
6668
6971
203
1179
2933
7870
7408
7906
4422
2389
2227
5812
798
937
911
1657
8837
7913
9864
8065
6128
9241
9484
4105
5297
9451
5814
1855
953
2278
3353
1339
7520
2190
8578
3816
1658
6970
9284
8472
7292
5842
758
3526
5212
5167
9702
9698
9705
2259
1619
8659
4595
1273
7988
2843
3576
3394
5147
1034
6252
3840
2832
1163
2531
9414
4515
7896
1645
8485
2295
1823
7796
4866
7814
4178
7269
6598
1246
9441
8377
5366
6249
540
4662
7830
9545
4308
9338
223
2060
6879
2821
908
1591
4876
5160
5721
5542
2500
9875
3809
6444
6186
2539
5741
4975
2102
2685
2479
480
8597
1678
8114
5280
813
929
3416
5918
8373
1094
1537
1761
5308
301
1983
2996
9734
7781
2405
9984
5925
8793
6230
4202
4380
941
7268
2711
294
9024
1943
4046
8991
8966
9493
101
1585
1466
3401
8809
8722
4779
3603
6711
2175
5175
525
890
6804
9367
3136
4537
8448
2145
3915
5032
5829
3101
8807
142
3814
8677
3599
6728
4192
6886
2881
621
8373
846
9501
3563
8784
4852
710
9954
2709
8546
7420
1316
4541
5576
2615
9883
3788
7838
4457
8853
5625
1629
7193
25
4361
3547
9792
6421
4428
2509
4041
8555
527
6841
2992
8509
4478
5782
2255
9182
5900
6549
4975
4140
3981
6758
6916
4903
5032
1628
1515
4229
1146
9666
2195
1821
146
23
2511
2435
7161
4057
3833
1589
7996
9697
9594
3896
1815
3075
1439
2149
7208
8514
8177
247
3402
1686
4413
1193
8259
8903
9147
1742
1491
6515
1497
9666
8356
5725
6230
1899
6953
2363
3357
9768
4172
4782
8233
4844
7117
747
855
8698
1403
2463
6581
8315
9651
5633
5477
2321
3896
9374
5314
6428
9678
8642
8955
9168
279
892
2867
3129
5438
5971
7487
5764
4182
9589
6638
8396
1522
6334
9698
890
4703
6304
325
2270
1467
290
5139
5390
7437
127
4676
713
1906
2167
356
4980
2166
9408
6898
2471
162
3228
7327
7972
3666
9262
1263
3009
8481
9043
4730
9105
8660
5576
1347
3719
4451
3880
9892
6833
6563
3705
7213
1152
5993
7531
1933
9581
1117
5272
1636
5023
6637
7012
6920
1438
3029
9711
5176
1143
1831
2283
9364
6075
5845
8537
3531
2822
7098
6926
2143
6160
711
9028
4824
5749
9091
8350
9828
2560
2369
677
210
1747
6063
5936
2541
9086
3017
4999
7594
252
6789
5884
261
2031
5656
1177
9068
5530
2230
7167
8553
4211
9487
7228
9186
2076
8174
8383
4196
6728
8434
5577
1053
106
885
3430
9978
731
4311
5574
5138
6846
3672
8020
9262
4839
2439
670
6522
8827
334
6706
7099
2452
7017
1962
1445
3197
2290
6267
6833
9892
1853
8598
5075
1787
1977
4669
5870
1871
9525
3598
8367
8118
1786
8008
2160
2214
2461
2954
5115
9429
1553
7519
9078
2112
5028
4673
7389
2365
9736
4844
9139
1988
6843
312
9406
9408
110
7122
1931
5159
4151
3706
8399
5313
6558
4504
7933
9009
3434
1126
3713
3933
7950
4937
444
4929
3953
7563
822
7558
1365
2062
9477
9376
7712
3329
6046
2927
8986
3960
4334
1282
86
5557
6376
3601
6104
8141
3825
712
7476
4632
6115
5291
4372
2986
1605
1172
5496
1618
7969
7235
7892
6235
7182
6456
6156
4180
4075
4740
8860
6289
2591
9111
4342
8128
9818
6246
9116
6767
1449
1403
5070
2215
1265
1987
5550
2329
5113
5106
6714
915
2465
1839
7157
4562
8328
3299
3854
6436
9974
9328
5201
6992
1021
2653
1790
8346
5907
8913
8324
9246
3827
3212
5855
216
7914
1946
6540
1254
2912
2532
8049
6290
3000
2220
6385
8024
165
2159
7101
9659
473
9302
4623
8138
7248
2978
9617
7970
2975
3125
882
3697
3740
1119
8073
3082
2921
731
81
5530
1806
1846
9860
4163
483
5767
3850
1241
2554
5251
347
5922
2584
3964
7443
9830
7257
6518
1029
6538
6839
7660
4498
5450
6274
1046
3638
7572
3365
6592
1928
5594
2386
300
9446
2316
1507
7541
8898
2958
4321
746
8369
2329
2432
1372
9937
4628
8665
869
2014
552
3441
5565
1108
7772
5377
3553
9356
6116
8213
1347
5478
1801
7810
3675
3411
9384
9982
957
1439
5845
6718
6900
4926
9171
4830
4342
4422
5297
8822
3787
5424
6549
5294
7137
1440
8599
975
9803
292
2686
2507
1868
1667
8434
731
7188
5790
2004
9263
406
7243
5047
2094
9987
6795
9990
4787
8593
7555
2729
7259
2691
6528
4165
5540
2231
2700
9456
7342
4688
5913
8862
5595
2548
2278
3119
2167
8867
6121
4585
6321
5741
9436
7411
5625
8342
2014
5278
1099
4665
5502
7955
9819
6424
8449
2982
2224
3789
9955
5525
9823
1862
3586
9293
599
8204
4230
8325
2223
9705
9474
9405
7813
8820
4522
8144
9677
8964
9104
7592
6533
39
4050
8084
5689
3372
5092
8185
4382
286
6283
7468
2675
4427
5607
7637
2356
428
2915
5227
556
8370
6906
4840
7925
8636
4864
6279
5912
4908
4112
2408
6587
4665
8039
4514
4048
775
5461
5994
7530
9991
7563
2858
4227
666
8512
8413
5548
3555
7954
6513
2463
3640
7054
8966
5607
9327
969
4085
9913
9040
1931
4986
182
8952
5077
8523
4551
4088
6182
1255
6802
4108
1056
2936
6455
562
3838
1889
3242
6308
1695
5309
4571
9462
1091
3245
1462
5670
6372
1929
1025
2667
4606
4427
478
8366
7588
1312
2567
4904
5351
608
8170
3711
7569
1365
2864
6483
8365
6397
6962
5423
8702
9261
3335
6844
2703
1429
4257
9739
4465
2880
2947
3685
7872
9244
2800
8545
9115
2515
6521
7814
4164
3555
6196
4135
8390
5338
1344
3457
9788
9993
7945
401
2143
7112
7355
3480
7318
2312
8445
9887
4309
1038
5726
305
3693
5829
5238
571
2492
6299
4710
6643
1272
5655
1866
1394
101
3973
3759
5008
3003
704
1993
6266
1093
2976
4570
3370
7709
6515
9622
7145
5874
1698
4831
5385
2783
1620
4762
3139
6926
6047
2601
6601
8268
8850
2725
650
6530
9584
7785
8043
1687
8715
9268
8678
5185
8699
3813
385
1696
4311
7739
3980
7889
4365
4750
6815
6583
2779
8285
8692
6401
1880
6973
720
2201
6717
4171
7275
4718
474
3334
3967
9782
5044
2237
7254
7699
7346
4282
7255
9418
5491
438
7610
3714
3858
6330
861
890
7389
6854
883
7421
3139
8579
8745
1547
3079
1109
5514
6205
1420
445
3952
4165
8767
2858
9338
8245
3411
9210
9590
1143
1166
7827
1023
5574
3643
7527
4936
5125
2826
4771
8900
1997
8912
9289
1734
1599
5520
5628
3347
513
2711
181
8670
2131
3085
5384
8714
5331
3580
3317
1227
1752
2105
2690
962
7976
4346
3496
6776
5075
3005
3780
7856
8626
3728
5147
819
5761
7063
1722
2640
9513
8457
1548
7298
8309
3103
2552
341
8231
495
1713
5976
2705
5551
1336
6286
5947
4392
7692
8974
5588
1107
1591
4066
4338
6887
9857
3054
1968
4605
5050
4523
6463
5170
5528
1889
550
7126
2745
3324
269
1489
2785
2252
1147
9519
2749
6365
2460
1235
5720
44
2747
1558
6985
4497
7606
9176
9938
8069
5366
2635
7272
914
4773
9272
2409
4459
7559
1575
1973
2487
4759
8901
6748
3444
7036
9150
985
1661
7246
2012
9086
8017
6384
8988
304
6905
4428
4883
2156
1280
9038
7064
2268
3767
7252
2754
379
6003
9916
5478
6433
9438
4355
6028
797
1546
3441
1131
8333
1883
1723
5545
883
3804
5868
1350
3486
6398
3009
7161
2678
4800
5920
2362
4208
4173
8591
7342
5630
4206
1561
638
7579
1741
7325
4015
1357
8525
8450
7788
3557
5441
8200
4760
65
4872
9394
4544
5311
435
2489
1601
7252
7988
2668
8425
9572
9861
8108
699
4991
3635
3823
6816
7557
2209
6612
2865
5492
7410
9759
3215
678
4951
7962
3107
7471
4908
3783
262
778
1733
9213
5083
4658
1185
1458
8069
6535
9713
7967
2111
3511
4800
1840
5641
8641
5337
10
6480
8300
4343
3734
8966
5570
4217
6601
9214
3635
6160
1149
8015
2218
9222
4265
2001
6089
4322
8942
9646
4323
8544
519
8151
7505
7395
621
8412
4647
5318
820
3716
2262
7455
591
6747
6784
5851
7927
964
6177
7954
3239
7493
8487
1955
2727
8694
9360
1600
5488
8752
109
401
9914
4980
975
6057
5832
2126
6998
6768
1669
1264
4118
2727
8919
6093
1033
9102
9795
799
9635
6960
6747
3628
676
4279
1191
6413
3948
7735
4854
6663
3589
3793
8481
4064
6936
6126
8860
3815
4964
164
8051
8859
3560
3869
2514
9314
5999
4045
1735
3275
2973
1269
214
5834
9206
3036
1336
3661
5481
4635
8940
1977
3627
8628
2289
5335
7192
2813
5239
8464
9716
8379
1387
3591
6158
1066
6100
7338
1633
7185
518
4975
201
72
7961
447
6293
8175
5228
4796
952
7969
8154
9783
7493
4158
5449
6156
4865
2704
3292
7218
2724
7221
4579
254
7910
8981
8242
913
8361
6590
2431
7129
1035
9364
8163
4336
4657
4144
1142
3089
7198
1326
694
4122
2364
9825
5174
5155
3841
5929
5702
9221
8842
1039
385
2986
8946
204
1508
5384
7371
4730
5204
7767
8674
3776
2098
2130
1227
6625
9663
1404
5501
1844
1478
4808
3830
704
8567
8533
7199
9924
6401
1345
7715
606
5947
1487
7787
9479
2466
9920
4828
5943
3784
9802
990
4014
8872
7986
3553
6861
2205
7499
9469
4413
4398
800
2237
3044
3063
7988
183
4639
5447
5353
3403
633
4278
629
4011
4321
5485
5365
6165
1288
2156
7272
9481
1242
7262
7010
4225
3237
4532
3360
1535
7304
1438
3862
535
3330
8583
5570
2752
7685
7232
9936
2554
1928
5972
6263
643
8934
6728
9150
1897
6620
5235
1122
3732
7006
5970
6157
9829
3300
9814
1370
7380
5889
8579
179
3701
1982
3417
8454
9970
1000
9674
472
1777
3300
8581
2778
6716
8375
4902
4622
4713
7020
1919
2038
659
257
2638
5024
8667
5566
2577
9343
465
9459
602
4401
982
7430
2159
5862
5196
9055
6151
7643
127
3662
4999
3611
9232
1873
9192
7188
9654
6784
1595
600
1262
7371
860
1608
6642
3002
5997
2309
2100
7794
1041
5213
6032
1710
6456
9411
4243
2693
4331
8020
5812
9467
9519
9619
2908
9216
3884
2182
6349
5762
9896
6618
9959
4851
3164
6878
9073
785
5580
1216
6505
3988
8942
7273
5771
1990
4451
3065
7407
8811
4550
9641
5441
1894
9852
8834
8430
7187
5232
9907
3411
4371
1210
7598
7422
482
8735
6048
7263
622
334
425
9910
1160
6364
6747
7033
7666
1360
1462
3371
3896
9641
2630
2574
3904
7361
4930
7710
7345
1665
2632
1685
1531
9092
8597
8588
5446
6573
8986
2191
5062
401
8353
968
7367
1218
1376
2283
6453
5710
4988
3104
9913
588
5410
9367
5308
7410
368
7890
3011
9409
8630
6602
8120
9348
2727
8485
2898
9030
5253
6395
3158
7621
9256
7497
595
7339
9961
1583
4920
6484
2624
4245
9952
870
5115
7652
2758
184
1151
8977
6383
8584
9145
8166
2438
3952
727
8244
1101
9163
9496
165
6145
5735
4433
6517
432
1319
7550
7913
8671
4800
4001
2819
5198
1948
9043
4207
1231
5257
5610
9820
1849
848
4029
9161
5371
6835
4317
6318
5203
2435
9677
7604
5682
7842
7223
1845
415
9339
2637
1851
7395
2166
8279
3565
7282
1390
3935
6141
530
522
2045
9697
644
9004
1588
6000
2965
1920
4628
3151
8688
3404
8063
4596
2566
2702
9397
5915
5819
896
8099
5559
6782
3735
2736
6589
7188
2886
5141
2052
2382
6658
2484
4688
6583
9545
5795
8274
7434
8226
9891
9537
5700
6322
9643
7583
9858
9707
3722
7923
8442
6142
3835
8594
2556
4300
3984
3068
3422
9469
8293
2811
9038
8827
5213
4282
5852
2342
676
1242
3207
1087
6683
6745
6608
8622
3944
4414
2222
2791
2279
9725
4334
3643
4537
6214
3354
4846
3855
9152
1298
2012
5821
3869
1791
7858
5621
2706
7554
9253
532
4718
3145
2247
3585
4808
3020
7662
6883
6653
4840
1645
4634
8883
1906
3605
1666
9073
9585
3735
406
4232
9345
5893
3453
4368
5672
8442
7983
2602
9899
4077
2992
3248
6400
9742
7671
2770
610
8284
6829
728
6606
6491
2735
8847
2490
7189
5039
4859
5353
9093
466
5327
1099
2902
7109
6714
6126
1063
2379
2906
6581
3944
1069
658
4664
1014
5130
9135
884
9301
4558
3397
2747
4033
8506
3668
5638
1011
2385
601
7417
7885
1925
8484
6443
1276
4355
6756
2129
1255
5249
4796
4943
6111
8502
2139
4636
8327
1450
5519
5018
7739
215
6218
7036
2563
4299
3107
3183
8497
8068
7904
4187
9326
8659
4956
7962
250
1844
8123
9896
4323
8740
372
4032
6323
2637
7373
8102
8569
6945
3253
5629
1343
4181
1087
6784
3877
8876
8540
8428
6635
9494
7718
1344
9672
5432
2468
4072
5876
1922
2991
3988
2540
5411
9363
5295
642
3427
7446
7477
9584
8005
2501
5779
2446
973
9424
8701
5803
9881
818
7729
569
1622
5790
5231
2642
7970
7466
1621
6757
9677
3993
4587
1250
4561
5525
4722
5838
7976
9774
1350
592
8326
4359
2185
9270
5149
9465
8425
6561
8003
5486
3596
3180
3031
6138
788
5170
7028
1296
5877
2882
8129
6336
4543
1365
1815
1598
6487
3890
5806
6779
1533
7432
8292
2454
1299
1191
5188
3328
6506
9073
34
6449
4897
7751
9863
9384
6436
2358
6261
7482
3995
2268
6816
4613
5876
9437
5395
735
1767
9133
293
5393
2972
7666
8820
6906
5825
2836
8508
1995
6335
8561
9018
1517
3872
8204
3421
482
8893
9174
7464
1679
687
1233
959
3496
3273
1754
6716
5560
8644
5570
7504
9267
6120
8215
9168
4260
8554
5172
2477
8098
5300
133
4788
313
5766
513
7406
5818
4748
9806
5678
7700
7544
2229
3531
3744
6222
9745
2472
4256
6154
5117
1442
1065
8868
2418
6388
8191
1485
1091
9825
1137
4703
158
4652
6326
4874
6187
4174
7593
4502
7418
6792
5611
486
9353
6862
6592
1277
393
6859
7557
1793
7115
5994
4061
8188
4490
2693
8485
3662
162
2085
8558
4455
1351
1936
4042
7217
3654
2150
7832
7323
4638
4511
591
2729
276
7200
6706
6377
886
9102
78
6471
8307
1313
4279
4868
8012
8288
3586
5772
780
7899
6586
4851
7430
1583
1765
2748
6273
9997
8755
2169
7434
2685
1831
2936
22
6059
3417
6732
5856
6601
3886
7540
8189
2114
797
1284
5148
5600
7271
4224
5890
2652
4710
4110
2001
2636
6855
9498
8692
2905
947
4519
6564
9392
5113
6773
7790
4814
5230
1452
5644
3513
9877
4843
3790
8878
5739
2889
8776
9644
5590
8652
6043
6639
9647
9201
4671
6908
6289
2635
6045
2559
4534
1044
6135
2312
9201
260
742
7576
8124
2625
1766
4575
7400
6752
6583
5922
1006
7988
3253
9796
5672
3294
8687
5117
5232
3336
8915
2151
2331
2333
6000
6813
9830
334
1665
1041
1579
4022
8866
4123
5034
556
9141
6769
5709
1989
2023
6611
6517
4295
6843
4990
3262
5239
2960
5354
6844
6056
7332
8133
3583
7803
3281
8872
4346
6254
4239
2496
3839
5286
2275
2471
4627
8420
9403
1761
9077
4745
8732
1863
4738
3032
7704
9611
5238
3728
6167
1010
3669
3052
8942
8820
6491
8071
6909
7840
4798
3088
7868
5106
7363
1115
5490
5651
9697
4709
1499
7088
772
4197
7585
8142
4439
2244
8178
492
678
9671
1527
5859
7607
1895
6075
2862
1625
4949
548
1364
3100
1145
1347
6493
8634
6725
7405
4676
1345
2691
418
6944
7216
3440
4339
8327
8230
7813
1574
4125
1663
5366
8035
4681
7561
5677
4646
1326
5214
7010
9303
5809
321
9791
8921
4603
6893
7695
3469
8261
2524
6029
8636
5499
5001
772
6471
8925
1299
7222
6308
9724
8833
9005
9991
9453
8349
7414
8308
6637
1934
9959
5848
2628
6794
2502
6690
3310
8661
9281
8370
5755
4918
4975
8613
4341
4144
8835
5201
1241
8689
7162
3796
9628
517
514
4455
9365
5465
9093
1930
6078
7238
5532
2695
3508
9374
2557
6488
651
918
8784
8261
7493
1405
267
5267
603
1317
5622
8788
4629
4081
417
5088
3091
5300
1842
4026
3337
2429
773
7493
707
8334
9463
6331
976
5503
9226
8023
5016
136
5929
6914
7252
4568
2885
1531
4760
4930
172
4113
8597
5165
2569
4462
4945
7763
3602
5059
9049
7683
8606
139
2211
1449
5818
2799
1853
6366
5701
8486
5611
4731
4858
786
6876
7162
4858
568
1218
4223
4596
61
6480
1468
6222
9017
1161
3427
5390
8086
2676
693
6542
5166
4573
7896
6358
3544
8006
8043
668
3671
9416
3419
3739
4757
7910
3508
3136
3949
462
9728
3344
1216
7185
642
6207
9614
1458
9756
8283
3972
5146
6430
7577
3478
9003
6753
9749
5357
407
7499
4808
4148
6919
8430
9845
406
4452
4196
8562
6504
5271
3972
9459
6027
3727
5040
9963
4057
9332
4949
8222
807
2348
9157
2088
8031
7614
1133
9445
1209
3069
4291
2010
5010
2343
9343
3342
2897
2507
5896
4987
7086
4254
3029
9683
199
7738
9556
8549
9193
358
1951
2469
3753
1264
7377
7751
8640
4074
1101
2148
7035
5870
3139
1887
3637
2750
6038
2615
81
9064
6760
1129
9651
6609
9557
8401
2275
9529
4552
7325
9735
8627
2247
7336
5336
6761
5408
3364
243
9685
3915
120
1405
1132
6178
2746
1957
8165
3749
5376
7065
314
773
1339
809
7150
6262
7749
5359
4044
9100
5878
8268
6505
9790
2112
6662
4674
960
9777
5939
2867
4710
2478
8898
5859
7290
2067
7662
1063
4861
8827
9853
4328
9490
2158
8529
6418
2220
8038
2462
7729
4826
3043
8695
9759
4589
6925
9379
5793
1576
4468
8260
1051
2966
4833
4598
8391
4100
2850
6455
3470
8788
3296
2134
8247
9248
5430
3866
9611
9020
558
2919
8306
3439
5295
838
7877
3439
5844
8511
9266
6547
5975
4710
7547
6297
3100
8964
3754
5087
8872
6812
1897
9485
9931
3151
2266
6585
6731
6234
3539
9544
1663
8311
9272
6259
8252
4874
8336
215
1015
6662
5798
4544
2615
6860
321
4429
3877
1992
7717
7437
9170
359
5489
6260
6258
9
4383
3548
6188
1748
48
4251
3244
1942
4524
9367
5493
1047
9418
1807
2018
235
160
2773
8446
7087
5754
3603
4176
8008
1964
9990
8899
5819
3078
8385
4408
8467
7928
3204
2999
6203
7834
5146
6875
7081
5783
8724
9988
8081
5028
7596
3193
3591
2169
4352
4376
7350
1222
7225
8957
572
4542
2688
1765
7703
6311
4113
6617
9156
349
6163
1680
222
3388
5076
6900
5118
5099
1908
5292
8422
1331
1083
7695
3543
6206
1755
8918
8964
3589
9534
2640
5553
9755
3514
703
899
3543
9074
3035
4387
7155
5033
1764
7061
5658
6932
8894
9226
6728
9591
2431
8144
9864
9994
1818
5692
5501
8756
9376
1240
708
8820
9994
2035
5284
9787
102
6541
7225
4558
3192
1147
9646
9176
5051
1949
4217
6456
5075
6213
9641
4172
2664
5577
6180
4493
6277
3560
2985
1621
6068
7793
4155
1643
3328
4756
1168
638
5911
1815
9382
844
6829
6685
3700
2523
5128
8416
847
7633
2627
9693
394
2208
7261
7626
2002
1311
3121
9242
8124
6170
9957
9276
564
1558
3218
3191
6336
7166
2581
5693
4955
2391
1087
1213
4715
9557
2048
66
5590
3217
591
4756
4476
6374
9852
5600
6232
3304
6633
5847
7471
2900
8731
9663
6578
6063
9516
3197
2797
4720
322
975
2191
5620
3053
230
829
7439
3475
1976
2445
8693
4927
4249
3791
2093
8230
6524
8089
1966
9268
649
6249
1464
7964
3091
2227
1706
5719
3099
9695
6061
7892
7512
9271
5391
8199
6781
3431
6648
1480
3792
5034
1531
4667
9049
866
2876
4021
4478
5926
4107
8976
3221
1301
8124
6687
6807
2727
2336
5963
3135
5856
4700
9518
6069
698
6493
2130
9278
9490
4153
5622
1518
7656
723
1134
1754
6938
2217
7492
4554
9421
4339
2344
4632
1027
3655
409
4357
465
1227
7254
4534
10
6517
1821
9229
2540
5705
730
9888
6363
8958
2555
6211
3495
8847
7193
7610
7149
6694
5638
4709
8778
6924
7453
610
8022
8142
8141
7973
1550
946
5933
7524
4222
1526
269
1538
123
6696
3433
4269
3779
6953
19
996
7627
8794
6364
3270
9401
4202
2218
414
3941
6096
495
4052
986
116
5591
1357
6001
1406
7723
3867
7617
4459
306
5228
5726
641
684
7706
8284
8947
7151
3574
4320
8098
6707
7790
5826
5623
8454
6903
4900
3477
5171
8311
6036
7922
9280
6612
2525
9943
2639
2268
5056
5850
1495
3537
3661
8772
4404
3512
5628
8107
4651
213
4424
370
8529
2926
9574
4546
545
1308
6959
897
6748
4726
4535
5541
9592
7565
5919
3208
8190
8985
2751
330
9984
950
3962
3742
4821
6466
3542
2738
816
8402
3324
9347
1107
6426
7989
1268
6018
9296
3101
1920
4611
1694
7438
83
566
42
2166
9517
4141
9628
6691
3560
9690
660
2342
2922
576
1387
1288
8495
7166
8172
6005
6324
5471
6831
2099
6172
1031
680
1253
7125
9704
9076
9778
977
2833
7840
5760
9275
7702
1968
3458
3416
2186
7777
9611
8709
8664
8771
1446
4512
4420
3743
2815
188
8721
7060
5088
599
8547
9065
7711
8091
9689
9623
299
2941
3470
2177
6638
6908
9964
9169
6327
5325
4872
6327
7596
1883
2063
8985
3519
1151
9860
5083
7943
6406
417
8398
9073
7136
484
543
816
607
3411
2431
6252
5770
2716
2766
404
3573
9003
9381
6766
8569
9861
2110
5679
90
2196
7071
8991
1334
2785
2978
1084
9689
4950
2447
8978
3168
8196
1194
5118
1731
1425
3905
8495
3718
993
6283
4476
9458
3800
838
6767
2752
3916
5769
2730
5539
5841
5662
7175
841
2233
1134
5713
3732
2788
70
241
2149
9827
7844
316
1490
4148
6661
2414
5455
9173
1878
3319
8695
4389
7771
3328
7702
2681
7648
7468
3923
1143
8894
669
5119
5947
585
2035
9118
2173
4289
4319
7628
7144
9969
7673
6852
3238
1268
7675
8184
931
3805
8982
3173
8150
8737
5963
8641
4226
6571
9168
699
2503
6059
1408
5086
9619
1048
4685
6504
1563
636
5578
1799
1274
424
2224
7332
4887
9973
6894
5316
169
5750
7380
8820
4305
3216
128
3846
4188
3613
6335
2018
9281
9824
879
1764
9320
5526
2203
5367
3654
4073
7410
8152
5690
2743
1553
3848
4143
7367
5032
9605
4323
178
7945
5472
5045
3347
5324
948
6449
650
9847
4621
6169
2746
8163
2454
1237
5296
9737
2797
5854
7379
2506
1839
1226
5645
4045
3008
5235
3224
5462
1160
2546
7929
2671
905
3921
3046
2563
8608
6415
2804
1717
8412
435
6042
9505
3285
8779
4883
3164
1209
1921
5956
3879
1354
3948
7602
1006
1171
6634
5900
5829
7406
7516
246
6453
7169
1087
8313
4379
4249
3883
7063
1493
9568
1200
4299
6115
425
3862
9828
4428
5530
4047
6757
6348
8022
6042
7309
4670
6431
4137
2207
1978
9330
1456
2671
4837
5274
6277
5347
390
1549
2115
4728
8063
6175
9402
1201
6038
9674
3355
6755
6569
568
6985
5295
4149
6751
8849
3022
9389
4145
5479
5303
7017
4959
2144
7934
3803
9831
3987
7461
7735
2638
1703
5675
2954
1175
929
6786
7196
7206
3200
8335
1182
4985
1138
7548
3947
4368
1633
2711
2858
325
8800
7251
5904
4091
6024
3277
9955
8444
5520
4195
8477
6772
7952
7916
4912
9976
5949
4672
9063
1253
5909
8492
8275
9193
8630
8687
2309
5406
6318
9916
6444
8771
1490
6086
4682
980
9012
6869
637
3987
9548
3139
7207
5643
2194
6441
1356
9385
3936
8610
8781
4275
2168
2019
6172
5281
396
4701
8408
2512
5581
9542
4041
1734
8413
4817
1944
1454
1520
2374
4667
9628
9258
5284
1240
4572
3084
6743
8809
6911
7429
864
9472
6257
1205
9888
7430
3122
6953
9610
3541
5500
3880
9261
6646
892
9605
9222
8955
8390
2503
2291
4369
2853
5639
9358
7071
9224
2419
5467
2902
7025
7284
1086
1973
1614
9883
9137
529
7368
2845
6979
8202
2702
1542
5651
8800
1774
3817
8350
1837
1288
9288
8524
5489
6144
2818
3732
9462
4500
1033
9705
847
8089
6968
4127
4619
3958
9466
6307
7506
1706
809
4090
7628
5655
4982
612
7299
5614
1575
7761
8763
2082
5961
8591
6222
7348
7257
9618
2388
7393
7483
2353
7230
8192
8954
2283
7404
4340
320
1918
6208
5876
6867
375
178
1600
910
1392
315
7229
9726
6274
1007
2809
8899
3217
1049
6699
5453
9908
1400
7692
2653
9203
5978
6565
3832
7881
5010
3238
3292
119
7787
7363
2703
6151
5850
7974
9371
1499
9496
8258
641
357
8115
2624
8285
4884
7549
495
4588
1811
3111
9562
4267
5435
8758
5676
7299
8066
1264
7566
2051
6143
6829
266
6651
1718
3092
9642
1596
9266
6796
193
1089
5161
1991
2233
6015
4
1557
4752
8713
2737
2054
38
7994
2552
4179
6523
1978
9216
6028
8909
2230
5311
1814
5655
9419
1794
2739
6876
4508
3246
9189
6264
5109
6842
1960
8808
4953
8728
1659
1065
1292
6170
2304
6355
7972
3469
350
1113
7114
8986
363
1033
7810
4512
4269
2724
3727
2153
3726
424
3233
5736
5314
1760
9292
7602
8360
987
9506
8068
1604
8749
4700
4784
8879
4009
241
220
3842
669
7596
3211
2112
5733
7258
3002
7616
356
9586
5953
7871
3631
6629
6084
7836
4271
6258
9317
5706
6458
7801
1693
1689
9761
2442
6468
4353
8161
3603
2745
7242
5874
793
7679
7214
5091
4248
2125
4244
9503
1100
9177
4264
4319
1660
6815
1478
716
7416
593
8149
7042
1529
392
5494
6718
9928
5881
8865
5618
722
5072
4585
9245
650
6518
5201
8536
7476
9395
3911
7688
5942
3524
7278
9135
1196
3382
3200
7935
2310
4780
5777
5269
8536
7988
4614
474
8874
7073
2859
9792
3211
3429
8679
5620
819
6881
5205
6914
774
8064
3081
908
6359
5682
8704
2023
4519
5747
7721
588
5354
9764
1609
6563
256
928
3805
3912
5704
1949
3471
1246
9775
2924
8351
8324
1844
2484
3132
6778
9915
4375
4019
120
8611
3722
6055
4137
634
2543
4752
7995
9114
5880
2408
8658
3730
9467
7348
9645
2252
4896
9528
9996
5329
5708
2095
9770
1467
2036
1677
5386
9826
1990
9982
7778
8196
3959
7148
9840
9254
7172
2784
9421
1677
5341
6909
7563
8097
295
5557
3028
963
5043
5639
1139
7886
5555
9816
3768
1186
8388
1105
423
9906
9162
8249
6242
4561
6202
2336
6963
1168
8047
1860
5029
6217
3361
4487
282
3399
3203
1567
7782
9658
7298
1489
10
7957
4919
9164
6517
6813
8652
5555
1012
2903
193
8751
6874
4678
9706
9789
1644
5907
68
8087
3377
3563
3370
3612
539
1234
1461
5188
4540
8093
3121
2237
5174
7233
3032
8011
9032
5447
2339
5196
9022
997
5739
6654
7307
861
9339
7318
5185
4899
5066
7781
2488
9903
1229
6080
3300
1219
4874
7884
8725
8482
6480
6275
4044
722
5986
1228
2171
931
1823
3108
3066
6447
9526
7
7093
7921
1020
8114
3566
2614
2770
8925
9841
6766
5490
2562
5105
8601
641
749
2867
4794
2086
1319
7871
2230
5210
8598
9150
8009
8875
7216
6686
901
7686
8521
2839
2446
5612
2892
877
2008
9612
4992
3631
6290
5984
3828
7803
1274
9118
225
796
8992
2913
7737
7659
6527
7952
3891
2511
1454
4604
9654
2215
1047
4480
1998
3950
1664
7660
6670
3435
3340
3746
9311
2785
595
2214
8432
5097
1303
4187
1959
2934
7196
1094
9224
1868
5276
1288
7877
8984
3961
677
2928
57
8568
4543
7241
2632
4903
4536
7396
3370
893
4553
8785
1588
1230
4934
7306
5725
4637
3077
4037
4613
8415
1035
5708
6516
3896
7155
2711
7968
4532
5750
5693
4050
6279
3999
2087
7844
4207
152
7125
5135
3763
4004
6492
838
6299
821
9186
3430
2138
3960
7864
7203
7971
1591
5913
9021
7166
5319
1783
2579
6029
5885
8170
9525
8522
7943
4197
1590
6288
2346
9646
3738
963
6671
8767
513
5805
7856
9477
6641
9908
7072
8651
2841
483
2165
3509
2148
4532
6740
8637
5680
2445
6130
8150
7828
2723
1256
6851
6930
3408
2418
7460
6945
3039
7320
4968
7581
5255
4536
8876
2686
9281
7018
79
3390
785
7244
876
7444
1929
6806
910
5695
5341
5867
406
2385
1803
6233
7870
7032
2316
2506
2310
9815
5366
8240
2208
284
3164
984
3927
2248
1179
7704
8167
2525
9225
9805
6145
8127
683
3709
9811
8913
5792
7120
9792
6665
8317
4780
2555
7240
6556
4599
7509
7142
6012
2209
8531
967
8627
856
8026
9844
9473
3438
7525
3891
534
3978
5359
7480
9673
6650
7523
3813
4960
5817
48
9339
6565
2057
5975
8562
7741
8731
9229
1307
2699
5698
5380
6260
2790
4289
6681
9416
636
2473
2332
8037
4804
9649
6930
3033
3667
9103
8155
9624
6218
7003
6459
2380
305
2874
9036
3604
922
6415
3391
5337
7766
4685
2024
1201
7001
3902
1927
6288
3048
410
8439
8891
188
9090
1845
3564
6737
6693
6947
2443
6203
9947
8048
4323
9820
2445
7023
8244
8329
7016
1360
9379
2803
2170
1924
9982
352
6708
9152
6089
3347
6955
6674
1192
1289
7262
7347
4977
20
8941
8226
9310
3967
4384
645
2902
7322
9963
579
5501
5854
4069
937
4667
5064
5680
7595
9258
1179
137
5999
7036
9419
5305
2477
1964
4030
5225
3660
1760
1772
8421
7086
8135
6156
5079
6923
2535
5803
886
8316
6868
8125
7776
6709
9373
5946
783
5466
1088
8627
6259
5755
8280
8442
2692
9789
1508
9650
7551
3674
889
4382
7041
9931
2040
38
7862
585
2825
3794
4597
5440
560
7466
9544
3413
6616
8020
6874
5642
7579
387
8085
9604
3478
5561
6288
8572
3063
7412
5551
7402
8627
8434
8259
6045
4967
9800
9186
536
8813
9018
8935
7700
969
6444
6173
4481
3709
3752
6568
3511
4306
376
5168
4123
1324
9561
8757
4565
1918
6796
3800
214
9578
2554
6772
1202
7350
8165
5959
5692
8089
7109
1123
2418
3909
6903
5995
3030
5059
2940
2312
8442
5338
7854
2454
3324
8725
5750
3110
233
5665
3280
3318
6437
9453
1164
5254
3631
5617
6909
2559
7577
2798
9460
5205
2455
7068
9325
8903
4389
2701
1715
41
9466
236
3937
3760
5250
385
5031
7672
2600
5090
147
1284
2764
6229
1121
7870
29
737
6991
2246
3884
5234
7221
3939
6026
867
7978
8065
6186
7765
8143
9984
1121
5664
256
2379
7845
8499
4005
8418
3209
7683
1064
5252
6218
1504
3761
3869
4035
2988
5770
88
1345
7996
8832
8606
2618
546
918
4410
8109
6512
5698
5644
9246
9741
8739
9637
3182
9764
2668
9263
105
6415
4870
6667
2882
9313
1744
1510
2051
9098
7991
1245
2084
1861
2156
4167
2512
1729
2667
3526
5507
641
7866
186
4601
3506
5048
1924
1665
4899
2641
8790
6156
118
4276
3035
955
2310
2867
131
6988
4924
3899
7169
8254
8636
2536
5203
5038
4724
3678
2749
6003
420
4970
5577
5196
6475
4059
9840
1824
2783
7177
181
9432
4539
314
6282
742
9066
6919
7114
3090
4585
6479
6172
1264
637
5993
4679
1053
5362
6622
865
5253
4417
2959
2115
3660
531
4519
6300
2796
9313
8079
2671
4145
1360
3039
1427
202
1727
9482
8431
8643
2003
9658
1422
6700
3213
3858
4424
6861
5244
3862
2892
2872
1251
741
3989
3228
5913
2432
7129
8411
8761
3243
5595
8790
6962
7220
7440
2028
192
418
4108
2521
3513
9679
951
2121
4301
1868
7671
2238
8640
5772
358
1016
7251
2030
9966
5806
5200
6703
4314
8758
6107
471
1958
16
1515
5697
4321
4070
825
3480
7950
8875
8598
6472
7350
111
1278
2485
6093
416
3161
4276
6244
8238
470
2593
9755
3614
1098
3081
2388
5467
37
3158
9224
7143
2369
1136
7317
8540
2484
4076
9886
428
7799
7162
2892
8332
2641
1016
85
8829
606
47
1262
8011
2032
860
97
946
9680
8831
8717
7490
8371
6734
3706
9084
1992
419
9123
8243
441
353
1948
2922
8725
2244
2742
9041
7157
8101
1894
3445
6459
6968
5959
5607
5705
4006
4664
6696
9042
9234
1024
4556
9484
9348
9382
2434
8234
5240
6634
3110
3953
1782
5337
9195
9413
2551
8877
9505
9548
7532
4684
2939
3013
4347
2483
5208
8943
5597
2264
9220
4738
8577
3165
5505
8006
7431
2647
7283
9635
545
3724
7368
6368
8837
5157
2695
8445
3766
4444
3913
809
3720
9205
6546
4526
8835
9952
4330
2359
1562
3242
7896
4764
1520
9593
498
5062
6570
3364
2497
7017
5929
287
3978
4859
8577
1347
9714
7584
3346
2484
7016
7540
1429
3721
2350
3550
593
9098
6576
7106
2647
2466
1128
3162
2771
8797
3369
3297
3163
57
5462
2220
7837
3085
4721
2721
5660
376
2337
2486
2368
257
6133
7313
3474
9115
4084
3807
3647
1968
6062
6792
7643
1427
3970
7500
8100
2270
9349
1572
7736
309
7536
7518
2823
4831
9696
1283
8310
9805
7114
2574
7120
2636
4910
9157
6089
6058
7853
4144
5347
5894
3206
3555
9771
2472
7309
6555
5115
8752
873
2633
2972
6352
3172
2798
3490
6163
3331
4420
6051
4043
5108
3768
1562
3678
1733
4738
2697
8552
3509
724
1337
278
4318
1137
4042
2858
7121
9588
8062
804
4526
4962
6495
5823
5496
8670
344
2675
249
3220
6695
2088
6218
9584
4924
3712
9634
6716
6748
8046
1781
9759
8936
4827
8070
7563
2072
8325
1860
8419
8475
6898
5545
700
7412
6173
410
9374
55
5108
3373
9769
5515
7369
8882
1537
3781
3384
9513
3406
7359
4723
464
7855
3267
4300
4103
6761
6442
3786
710
7393
2349
2624
6755
6462
9843
623
2373
6948
9002
5872
4389
179
4570
7147
5814
446
158
6398
9985
6241
4377
3048
3065
3299
4936
1860
4319
6292
3434
1109
4576
5513
3813
5950
2046
7871
4533
9633
1679
9350
447
8197
9385
4810
750
8300
3967
6539
9417
874
4512
1013
5772
7370
3885
3320
8473
1301
8504
7107
2033
6014
6437
6799
1838
8592
5977
2437
4767
4577
2356
9128
343
6520
9422
2912
4719
6459
5345
2212
1142
2574
8934
7505
5996
8711
7801
5652
3561
1249
9967
8153
309
2110
8091
3431
2915
9694
2566
9635
4857
1970
7979
4329
8405
6764
6633
4986
2082
1219
4555
6234
2345
1727
5104
4146
9733
2360
8486
3222
3302
1366
6230
3591
8023
9405
1045
636
7056
5838
6079
6021
7870
2127
9895
1578
5412
4070
5756
3030
4550
6253
8576
6396
9550
945
5083
2216
6117
1345
7246
6380
2802
5789
1675
5515
7821
252
9934
3195
8823
6523
9986
5019
6663
7096
2669
2236
4198
1113
3261
2524
8354
2622
6335
3986
8895
3214
6841
3664
7619
481
9224
8724
9852
9461
5742
6233
7479
2187
3952
3616
3902
5927
9574
8524
5153
7963
5157
810
15
4081
7009
9637
7535
841
8089
8144
744
759
2368
2376
5374
9419
4939
9412
3968
4210
7551
6265
6791
9551
7509
158
716
5514
7629
7769
3471
5161
2720
9979
9949
4564
1070
7298
5445
6126
9289
24
9360
2593
5723
6307
8449
8521
7571
4883
9300
4816
2568
7276
274
6402
502
9953
9238
1538
3664
8233
1643
2609
3762
7301
8296
6437
8202
8953
3808
6673
7528
9937
5030
5050
779
5386
9103
711
7387
495
9711
6185
3552
5402
5308
3542
6513
9943
5410
9975
3351
4758
6977
9128
900
5644
7057
70
565
5968
5279
571
5419
2581
6547
5648
1335
320
347
1548
3370
117
2656
5449
8553
5609
5730
8834
8889
3057
5592
9951
1047
9244
1257
2676
5413
5763
2575
1188
6186
4319
1942
3709
343
6384
4997
2640
4433
1315
7029
6859
8232
4149
8621
7014
4641
3687
162
9538
8331
2414
8412
2229
2709
8226
2487
6317
7036
488
4842
6311
4453
462
2566
8906
2523
1228
9763
6008
7456
7656
1766
2146
2789
4669
7097
3446
799
7838
767
6895
576
1156
495
3878
5696
2466
7631
609
3127
8879
1437
6417
3565
7080
3338
5447
286
6329
5755
1783
2950
3044
5014
2483
2645
966
611
1709
9126
9502
3887
6433
582
750
9549
2019
2859
2495
5504
3719
599
4849
9420
475
1563
8513
2981
2272
9774
5092
3237
6300
2168
8654
5008
8769
4228
349
4436
9812
5032
9212
4560
4965
5344
2322
2285
3983
1350
4523
3171
843
7353
2046
1910
4085
9709
5804
916
3101
8053
5874
7118
3852
8880
7523
8925
8664
8686
136
2613
609
1624
7822
3059
4437
3913
9298
9173
2896
3883
1393
682
7399
6601
7852
1884
2261
8934
1258
5793
1674
6136
2058
2865
3763
4080
1603
6181
1947
9457
1210
4841
8310
9311
871
6872
310
9064
9578
8179
5493
8623
7382
3168
4807
2290
1808
6730
9297
6597
3679
1414
9165
3000
7686
5569
6823
3913
1886
3426
3111
5755
7595
7784
2899
9985
9581
7432
8049
1121
8521
5923
954
1531
2666
146
6307
2905
9567
5633
6349
541
8269
3160
8154
146
3133
2917
7492
9093
4998
842
9628
2718
5266
6418
8603
591
5686
9702
4986
5407
1630
8128
2383
8670
9229
9992
4299
3447
9167
5066
1196
940
8510
5063
2543
4543
3326
9806
4884
3585
3811
8030
4312
250
2628
1922
598
6110
6539
5449
9882
463
1465
2429
9056
1260
1046
5664
9034
5927
7758
8918
449
8210
522
3562
3052
9932
853
5398
3702
780
8620
3252
9052
3599
2287
442
7912
4858
2517
9104
1781
5703
8548
4317
763
2633
8582
8020
4407
8821
7533
9002
181
4449
1902
15
3031
5969
474
8503
1986
6615
6395
3818
3969
8683
5828
5349
1390
8405
9691
4328
4411
3263
2265
8651
2113
4315
8153
6431
2019
4965
5618
1879
4830
8258
9802
6139
7630
2197
9199
1440
6028
468
7828
6082
8351
1275
1020
4046
7768
5482
3061
2662
8141
5623
4257
3418
8821
1044
6933
3420
1161
2412
1501
8176
7431
6724
7355
4382
1196
7542
4278
1731
2276
1679
4009
75
4971
584
9853
6989
5388
6898
1340
5123
2401
6124
231
3388
2458
4915
3567
87
3799
7631
9357
5564
7204
413
5987
9865
3839
1807
9496
7634
9363
1175
9437
551
5996
4147
1100
3740
8559
8832
6729
798
8565
9583
1661
1893
2081
3422
540
4408
7046
6829
9313
5026
3341
6503
3942
8882
4987
8511
7094
4574
7969
3220
6461
2100
9061
9816
5960
6090
1323
1016
7316
9024
1002
1834
3774
678
3488
388
3797
771
1191
2718
1138
3702
7376
6900
9600
2435
2854
3046
9594
4262
4086
6815
4280
3418
1825
7771
4181
2571
5235
5056
4924
8679
8800
2489
7175
9893
7458
4633
7467
428
4847
9604
208
5181
3884
3477
5558
8321
6341
3140
9873
1225
6431
835
649
7591
6197
7563
666
7970
2135
9005
5581
1667
2473
1732
9010
2
5970
2762
6391
3079
8617
7857
7667
9123
2952
6016
2161
5981
7754
7009
1394
7607
9843
777
9645
4481
3515
3896
3625
6064
2480
4623
6130
3910
2093
7224
916
1944
6087
8323
810
972
3858
267
1358
3319
6227
932
6127
8346
312
2384
101
5329
9282
9899
9799
2091
8949
6894
771
5085
3042
3360
3972
1220
2405
9782
249
7065
2221
2488
8357
5155
8294
8454
5868
6527
6956
8391
1847
1093
8441
7963
1059
2017
5782
4179
4875
1287
7959
3941
413
5358
2471
6081
9379
2270
5718
1611
9763
7284
9433
3156
8418
141
2722
5207
4326
8092
2800
6524
1087
8143
2064
8932
8661
7048
7652
5842
5720
2539
7623
3086
6218
3010
7299
4772
212
8753
8636
9187
9424
2931
1107
3668
9200
702
5765
7889
941
6229
154
3330
7595
9478
2086
623
8932
1775
9946
7270
6839
8683
4439
5593
5939
7029
3894
1447
3963
4201
522
7521
8308
8846
578
5713
6518
39
4124
7557
2904
8006
1460
3855
12
3484
181
8071
646
731
9813
5069
539
1940
3861
7708
3507
9257
6968
7222
7467
4376
8979
5756
8620
3318
8880
8007
5469
932
6950
6645
4301
4946
8881
1086
5463
8170
6200
2452
3186
2488
6206
6003
4086
2856
9773
8970
9172
3089
4712
9773
6170
199
6298
2524
8746
2694
3761
6627
7038
3648
3754
3042
7284
8673
8421
9725
8102
4676
115
752
2500
1124
6303
2194
2446
3230
7710
847
1941
6096
9169
8204
9750
8891
8693
6377
6589
3578
9078
6001
6896
6205
3183
5967
867
9572
9228
7367
449
6341
2852
4582
6710
4747
7170
6384
9260
2192
7250
1094
806
5790
4138
2337
2319
6913
1439
1420
9145
690
9312
9793
1558
8560
8172
6760
8101
8734
6597
1743
3309
3640
5684
6284
4012
8994
3396
1115
944
126
8190
2575
6600
2011
9869
8546
6520
7580
1819
6086
5374
8083
35
1597
3547
2171
2578
2713
6717
5475
3183
3006
8854
9287
8436
5472
5408
2350
8412
4185
610
4248
848
3164
1858
8263
5300
9276
6486
6164
4588
4620
3359
7757
8628
2202
3255
3711
5105
9886
9708
7191
1028
8762
4059
7465
6196
1976
7218
2166
2614
1027
177
1444
5425
1307
5292
769
708
8764
3335
5945
7643
1420
7418
7360
2738
7489
1989
5987
6541
9657
1939
3336
1935
3149
7551
2566
1026
9140
9416
5498
1604
899
9777
7446
9674
1493
8985
4685
7963
5150
3893
386
73
6393
2747
6055
8530
4194
6673
294
3708
9121
8856
9955
6561
8860
6935
9572
3090
4576
511
1669
7910
7570
1910
104
3593
8624
3578
4291
558
6713
1913
5694
4881
9927
754
1478
3745
9310
8848
2379
3597
8983
6310
2647
1592
5823
5111
570
8061
4892
6312
6791
2021
6173
6564
4176
7454
1749
6777
3116
6639
7250
3309
8482
6768
9452
6034
7718
523
6016
3586
991
3450
9292
3597
5797
1157
9361
205
4350
5418
7543
5769
5024
5213
1181
2837
2325
1386
8048
6130
5431
7049
3744
494
2440
4061
1975
5447
1393
9281
5151
1073
4800
2201
4629
8001
6253
8414
6980
4970
8984
5479
3303
6831
8055
9590
5037
8973
5047
9729
2494
8934
2315
6246
7672
2291
2910
1712
2120
1653
83
768
5530
3711
9087
2612
5816
4291
9958
4065
5812
7217
1936
9203
6214
1751
5035
1359
1702
796
1767
259
9529
9952
273
1870
6223
1135
8425
6257
6828
191
845
3522
7044
7920
9617
6962
1737
2114
3421
47
1676
5164
1913
1197
567
2125
9013
8110
9986
3581
8810
398
638
7009
316
1195
2353
2267
932
6815
4015
5011
5123
4731
6515
3148
9988
2757
8648
1187
576
6503
484
2363
9186
7238
2555
5001
4251
2602
1629
9648
7985
918
6144
4202
5976
9968
3719
7713
4148
1037
1989
6679
2470
8425
7290
7543
4613
9754
290
8855
4503
1594
2585
3333
5805
8610
1439
8231
253
1656
6609
8731
2118
9409
1966
7423
1864
2873
9835
9485
6383
1776
1838
5880
116
4185
5165
8143
6477
8081
6443
9456
9306
3424
7680
4727
366
2887
9851
8650
9421
8110
9752
7206
3098
1590
5930
7552
4307
5077
4720
2044
8487
68
7897
91
6566
2482
6677
982
8783
7816
7588
5375
8426
4412
2952
7204
8244
387
867
7614
8572
3435
8466
9606
874
4263
8352
8737
2634
4272
9186
3513
2610
7401
9101
1016
940
59
7948
3881
1252
6509
1976
1226
145
7587
8291
5816
9065
4150
6494
7480
2838
3485
8934
4839
4882
6686
7070
70
839
2096
5084
6488
452
1141
7508
4372
3788
5662
9310
1081
242
2256
7481
1833
7619
8167
1063
9876
4869
696
1416
3573
5844
5884
6784
6596
6202
2314
9339
1168
2702
3173
7039
3216
9857
7290
3390
7567
6683
272
3475
689
6475
1849
1638
130
9349
3291
9847
9105
640
2579
628
3627
7195
6578
2899
8246
2179
4449
246
5967
1300
8219
6892
3834
7280
465
9490
5045
958
1531
2986
87
2426
7224
710
7292
9715
4721
4514
279
367
3872
9917
7847
3609
1620
512
9898
9576
2355
9467
8761
4919
9058
834
7050
5821
9941
1240
9385
9877
6991
8025
9301
5180
227
7350
9286
4636
3389
475
1600
63
7874
5018
1758
1594
6073
5821
7385
1511
9649
6548
4316
8831
6020
6900
1365
1422
7076
4060
1185
9302
4696
2845
5630
7812
5647
468
4498
1131
765
3103
2194
7005
6776
5074
12
2500
5920
7582
2537
6888
7949
8530
5436
8578
9945
8608
831
7136
2172
4973
3922
9326
6090
6946
454
4464
5119
2047
7759
9730
537
6914
4993
8653
5332
4824
1582
3400
7101
3173
5232
779
5965
9686
6612
1514
2507
2240
6810
1827
3571
2401
1632
5447
6129
6533
4076
1889
2450
1310
6787
2871
4549
5388
4654
1222
3937
3382
1205
9584
2242
6709
3553
5394
6672
77
8677
9613
7460
5868
7980
7902
4503
6000
7516
5225
5346
9414
563
5640
4193
4993
473
2040
7496
5446
5450
7332
1244
3213
3046
1844
1521
1151
9481
6433
527
5629
5857
4852
2208
8795
3528
1669
4667
6874
9775
1282
8452
530
4159
2447
2929
3664
8564
9513
9648
5012
7675
7322
2637
4836
2052
7831
5518
5913
7897
5972
2687
6839
5193
3885
9332
4759
317
4512
6786
1295
6468
2839
7110
8023
146
3147
3052
737
7028
1834
3360
8568
8276
5277
1141
3092
7126
9834
7917
9145
7924
1240
8128
2244
9630
4500
5824
4901
310
8927
2511
3028
3633
9647
9363
5914
3083
2905
8301
5725
6257
6727
8684
8630
1594
2618
757
5267
9566
181
5143
9474
1107
3823
5994
4037
7589
8936
4351
2903
8808
7858
9796
3679
5679
4575
832
1299
2832
1065
7583
8627
6838
1829
8926
9418
8438
7549
3727
3319
5023
1598
9928
7800
3764
545
2933
6163
6030
6841
4634
877
4850
529
8414
6493
599
287
3510
9599
588
4857
3055
5749
3782
8326
6000
217
2322
3921
7931
5602
9166
5828
9521
1272
2092
1237
7765
5183
6344
4845
8815
2166
3216
3438
4463
356
9010
835
5462
3320
7376
1626
1072
593
9433
4039
2053
6164
6274
1826
3101
1793
3426
5046
3171
7339
9549
1577
5298
6554
8668
2912
8092
8805
4317
6279
2654
1381
8784
6888
1209
9918
5960
581
5298
7611
7162
8924
5461
9397
9188
3306
2002
5007
8130
4427
2032
6985
41
9215
9220
5517
5523
7536
7880
1217
304
3161
116
1792
6747
151
9088
3048
910
5884
4352
6047
473
4780
9000
8586
7618
4691
366
2048
9496
8852
5793
9539
1547
341
2147
847
7870
8804
7294
3893
7645
6303
2777
468
5189
5698
2859
3673
412
9964
1365
3114
5904
5627
6958
5387
1480
9272
5021
9759
2820
1016
5267
3315
6146
5846
1631
4796
8559
7547
4690
1520
145
7059
5755
8916
3375
2228
5418
7433
7967
7296
1426
8603
304
2504
6037
5042
2368
377
8275
7595
3056
9881
4381
3818
4242
2863
414
9657
7275
1493
7152
22
8779
7393
2109
854
7517
1083
2629
7708
7245
5675
8166
2247
8413
9414
2606
1938
1488
280
9998
3793
8211
982
8190
5375
6534
6397
5059
2004
4250
8537
9527
1741
6906
3819
5420
4578
3395
4661
400
2450
416
7565
8104
8276
1472
5056
1127
8551
9840
2262
5437
9981
2543
6680
1201
4769
5301
75
6224
8203
9224
9062
1695
3744
2529
4039
7707
4304
7355
3480
9679
1944
1853
1374
8785
931
2172
3263
9502
3407
3882
7002
878
9997
7066
6353
4860
6473
2120
4444
5714
2452
2025
4466
6575
3390
8571
8551
4043
908
8271
5173
6688
4672
965
8066
1105
9370
9121
5919
2902
4211
2258
4623
1604
89
2889
8997
2726
4435
2385
8510
5618
9683
8444
6019
9736
2559
370
6638
5133
3263
6890
3481
6273
2227
3052
3386
2032
3936
5286
8021
5691
3646
760
9704
8766
8870
7319
295
7034
482
4953
2530
5034
6964
9538
4969
883
5328
3938
5257
5519
1380
3182
865
4919
7494
139
1873
6210
7730
6120
3276
3781
2487
9707
9330
3955
6236
2507
4099
5013
9817
3330
7205
6559
5432
9430
2128
7917
1848
673
4846
1604
2147
9200
8886
4403
7329
5792
56
2405
6594
9360
7090
4656
9805
155
2453
7372
8896
6340
8940
3242
4377
8466
5661
6209
6369
157
185
1801
8628
5838
9067
7858
3207
1758
7012
8481
3571
2900
4741
7297
9174
871
2984
3598
6958
7672
3172
5706
4049
7206
749
3028
1563
8672
9281
4311
8616
6597
6618
7020
6488
6164
2499
9447
5846
7149
366
400
9808
1179
384
841
5384
6330
704
3312
1714
1091
6698
7951
4640
1453
7050
5950
8604
185
5178
5856
4149
1005
9429
1014
5871
8471
353
3869
2639
5873
9247
5448
5339
4215
7656
4446
16
8455
869
6059
4569
5600
4079
4278
8890
7195
7739
5362
9061
8159
240
8522
9618
1236
4250
1685
173
5304
3453
1634
2395
9822
4339
643
2102
2043
4480
391
7739
7048
7117
2161
5144
4258
1253
9853
2698
6950
3207
3181
2645
6454
2410
6527
5151
6600
171
2454
3344
9397
9742
5224
5105
1927
9233
6399
5634
5705
6222
7636
5911
9054
6973
8202
7627
3068
8689
3708
6046
4218
7536
4257
2389
3467
7687
3557
1847
3592
851
9822
6113
624
5301
5940
9862
2628
3258
1990
6918
3697
4755
6268
8574
4428
4289
7651
2428
7007
4271
590
8470
6054
5040
7594
3541
8991
7259
8791
4103
9448
9757
600
8348
6435
3719
6504
691
9633
4545
5898
8717
3691
2284
6882
5853
4165
283
7575
3641
4174
6415
4237
1421
7921
7064
4817
1530
272
9129
1101
6036
5584
1974
3609
8545
3833
6827
1252
4624
5441
9337
1326
5855
3612
1412
4525
6821
7378
7892
6603
8003
3132
431
5068
3842
3298
8321
6950
8414
4496
6287
7330
5673
1368
9088
4478
7423
304
7279
326
9016
6872
4044
2485
5142
8901
7288
7202
4300
7905
6225
2996
7411
9818
5961
3500
5543
2324
2361
9042
4766
1067
3370
8177
3808
7469
7979
721
3243
9097
1868
7253
9863
9555
6377
6912
6957
796
6968
5427
1524
11
7316
1726
9781
1531
4583
7698
3975
4206
4067
1838
4673
3909
2331
5945
9620
730
7514
2868
2439
3541
6773
5957
5875
1172
8663
261
3522
7916
8052
3139
9884
5951
8318
4515
7767
319
243
7330
2067
6599
7460
4941
8495
6029
4259
6800
6455
8045
5577
6427
1050
4171
2154
2703
8578
2480
9866
4317
3631
6491
9657
6454
1051
1442
5111
3004
6900
4118
9498
7559
9550
4354
5231
1379
640
7057
8378
5362
7525
2003
7821
407
8056
4370
1679
932
7169
7204
947
9293
4229
4092
1357
4779
3296
7
5402
4263
687
4430
9810
2566
1525
506
3559
1387
1721
9404
9652
8162
731
9952
7811
2242
9088
5409
8689
3695
9757
3787
7943
7190
4676
4449
1208
351
6309
6922
7283
6402
6692
7
6331
4950
8213
6266
1169
3955
3838
9495
5629
3008
7083
6300
8365
5228
170
2270
3720
1334
1303
1547
4151
610
4626
9253
1102
2147
2418
9805
2900
3642
363
7743
2223
2586
824
9627
520
5428
4456
8085
8990
2022
4392
8489
1733
5454
9557
8414
13
5033
9108
4597
2810
3640
3804
6252
133
9371
3391
3818
9901
8479
9546
39
2084
9133
3882
8725
4923
6791
9859
3525
3510
2281
777
1977
3139
8959
2708
4889
3780
658
6855
8498
4210
197
3375
3296
8562
7983
341
9681
7236
7562
7104
1331
4578
3655
5072
531
4287
6525
6917
8527
6439
1780
1097
4106
9943
1491
2903
7533
1427
482
1843
8054
722
1456
7089
9768
8404
9247
3546
5383
6378
8744
1538
220
4606
7148
2878
5730
6662
5997
2256
5745
3306
252
3226
5982
314
6429
6122
1673
3738
8421
4048
4817
9045
9206
9126
7480
3185
366
5394
2121
1788
2045
7525
3961
9361
1831
9249
4892
1841
2571
8061
4329
4224
3465
8128
8897
5104
2816
6292
5918
5353
